540 371
779 758
109 813
479 924
926 706
151 630
848 558
185 125
425 175
799 822
742 451
96 306
913 445
375 644
534 980
42 595
931 284
942 177
918 201
296 491
148 17
375 178
574 682
713 632
686 84
379 463
860 448
101 191
322 922
916 327
198 330
930 134
457 17
507 954
731 194
450 737
817 679
228 566
130 942
890 734
87 515
893 419
977 615
613 97
23 161
947 679
999 909
591 680
285 490
212 146
875 1
899 47
744 458
366 787
659 561
846 613
265 273
574 114
14 7
746 197
681 435
306 211
594 866
227 823
992 632
856 545
702 60
53 925
375 900
508 337
866 923
84 342
967 712
791 707
218 912
434 326
527 863
898 173
431 587
717 580
562 986
71 143
54 741
230 459
334 164
976 216
710 340
860 345
878 263
206 95
326 779
223 363
41 573
924 547
213 79
925 783
618 872
89 740
560 339
272 160
118 651
921 159
408 285
182 398
329 134
853 910
98 215
175 379
505 542
486 822
205 47
699 919
656 154
206 567
879 543
466 589
863 607
559 640
968 693
666 396
518 382
58 288
85 828
804 495
677 753
450 454
926 122
799 62
118 777
86 665
456 40
548 499
880 59
10 865
189 661
752 893
589 70
287 101
863 547
837 24
421 806
350 402
921 632
969 706
313 460
689 738
462 142
469 687
353 108
387 315
591 212
24 255
791 342
298 724
265 835
450 555
10 542
484 667
221 297
169 628
964 4
343 298
159 90
399 844
412 404
704 437
23 66
514 507
548 886
453 734
147 780
35 643
355 648
283 914
955 70
807 796
661 751
441 825
531 586
185 313
286 906
42 185
589 103
542 489
923 703
711 515
157 630
968 118
546 356
475 77
203 526
276 762
708 591
973 534
356 265
963 253
850 350
314 477
648 132
805 232
621 337
328 419
197 634
537 6
772 210
156 132
372 474
646 197
978 260
532 379
663 148
478 481
918 321
30 507
353 424
749 586
753 410
928 230
198 663
14 377
171 531
486 721
358 112
206 662
287 732
775 350
46 957
760 165
767 969
112 411
271 517
72 324
735 75
110 518
423 728
751 950
993 755
82 338
997 534
626 833
420 104
585 875
290 57
191 57
702 224
891 918
20 882
506 790
269 748
446 462
701 906
928 716
501 185
24 976
737 378
556 931
325 336
920 478
228 333
229 247
842 975
381 0
786 121
86 832
418 311
437 919
230 113
756 780
202 628
151 776
828 813
116 704
409 248
642 271
719 752
435 739
794 360
596 641
883 329
788 787
134 565
107 9
147 667
702 478
352 740
224 420
421 110
683 378
655 6
207 221
121 195
58 373
232 17
41 450
534 188
461 766
969 581
506 477
805 778
636 154
39 912
259 515
883 892
576 489
185 283
560 920
475 663
289 534
195 323
243 34
715 32
593 962
308 865
471 834
466 235
535 1
720 274
295 598
32 904
756 115
646 487
365 961
342 41
729 685
251 158
523 393
81 14
79 877
597 959
333 680
148 721
318 218
145 456
164 668
363 10
287 650
822 762
149 791
657 804
81 298
104 138
274 710
992 793
190 145
978 384
313 803
545 85
203 291
955 581
892 194
944 29
793 988
161 858
411 311
994 461
522 382
411 845
381 744
507 302
429 669
550 168
875 864
418 195
311 419
548 962
547 560
608 37
7 84
904 235
974 505
988 503
641 748
11 347
706 931
977 74
564 51
218 723
497 945
543 915
252 912
846 289
240 563
334 696
976 635
979 457
233 523
990 599
661 58
673 207
1 904
394 791
905 781
406 662
755 439
632 461
409 650
242 277
99 780
51 648
812 801
169 220
524 781
569 470
78 409
301 299
770 184
389 749
598 849
97 299
209 855
878 58
464 408
919 259
932 675
862 773
691 942
355 917
95 351
700 378
292 633
126 726
661 409
539 250
386 521
764 569
867 596
808 9
464 307
622 573
67 296
512 798
158 618
905 98
250 192
232 669
999 297
333 984
843 571
987 912
845 723
438 409
489 876
128 930
521 899
815 178
209 347
616 531
587 732
210 246
901 850
724 463
728 475
969 802
162 784
590 662
846 192
872 146
747 105
643 213
114 240
521 498
116 347
735 20
652 86
455 70
248 755
305 191
141 205
267 531
683 278
75 741
935 399
914 268
297 969
643 99
21 890
252 350
925 10
765 394
391 518
79 372
171 692
815 365
664 32
18 452
455 406
579 932
647 786
131 495
243 581
984 67
385 376
81 245
525 326
81 860
446 605
547 487
998 565
965 505
623 772
575 843
204 409
645 331
654 295
115 172
673 172
466 982
414 499
336 927
786 480
164 170
751 658
346 839
41 165
107 211
644 440
10 842
876 340
458 810
229 375
252 874
356 328
527 179
917 796
368 461
494 703
365 85
612 495
757 317
829 102
3 164
182 558
186 280
629 682
74 90
938 674
715 801
810 215
18 146
532 768
554 214
416 421
213 748
163 666
315 272
568 174
818 820
60 148
991 454
609 729
492 434
950 648
635 154
468 195
121 307
500 426
294 874
303 872
412 543
606 692
813 680
452 998
595 177
936 203
106 51
639 435
817 883
33 952
1 756
747 673
268 7
589 281
11 130
53 186
769 934
508 365
371 982
119 542
316 317
761 755
699 687
991 102
328 555
788 212
528 359
45 716
229 61
240 348
153 829
849 72
500 698
733 213
828 777
963 198
69 95
623 268
962 211
689 155
714 116
645 858
718 180
444 739
177 901
419 76
193 979
787 669
998 154
281 268
49 361
750 173
351 216
138 245
413 326
973 369
534 310
102 523
563 594
239 509
163 200
696 489
627 820
947 928
527 167
448 529
225 191
306 564
833 159
594 160
295 736
227 642
757 655
21 343
616 905
942 219
712 477
469 43
974 449
89 456
990 680
362 501
269 186
366 356
293 948
271 219
870 1
355 524
759 217
332 653
453 114
280 878
923 564
972 929
11 961
493 679
236 413
287 424
885 426
114 346
448 687
585 135
962 682
709 152
787 907
330 367
673 380
431 843
298 70
804 149
305 77
351 211
448 166
16 274
800 152
718 761
125 257
552 892
885 730
857 14
33 646
606 827
365 559
786 669
53 914
628 365
217 979
303 716
755 52
475 299
766 298
562 408
89 385
485 905
508 794
815 254
795 201
122 882
176 667
721 186
973 328
174 282
827 14
510 516
157 190
121 482
792 499
478 446
983 807
294 864
426 912
47 600
542 116
133 116
11 417
524 652
18 856
769 108
542 987
42 514
597 548
547 8
446 776
746 692
317 108
261 959
788 358
770 667
389 16
31 385
334 448
235 441
91 587
109 482
258 100
188 37
355 639
175 101
783 387
398 314
315 879
192 119
541 564
878 192
318 764
504 976
560 561
343 746
433 920
954 86
433 480
989 462
888 518
727 185
420 979
146 600
306 560
265 240
115 352
485 495
257 376
608 754
433 786
782 414
227 264
360 102
472 719
627 589
828 321
289 724
692 128
919 190
794 368
22 490
966 548
917 552
7 108
463 16
722 13
473 183
994 178
287 147
650 570
808 802
911 193
551 150
264 107
91 843
618 830
769 772
343 368
720 691
776 761
21 791
683 362
553 835
734 926
992 645
188 712
914 372
279 125
496 630
520 115
791 440
867 554
713 959
750 418
117 359
411 750
835 154
131 880
836 348
782 388
561 220
873 985
315 157
255 653
475 837
939 512
60 518
428 389
357 963
250 76
83 589
168 499
287 376
139 775
356 279
650 989
451 999
511 461
58 667
29 626
674 179
953 123
920 658
670 566
807 896
628 805
44 606
945 977
594 0
803 183
127 775
260 696
415 616
166 837
407 767
969 899
572 32
556 931
613 871
296 557
766 606
227 70
871 679
44 999
573 539
242 168
615 171
401 21
339 669
927 272
378 441
780 712
785 579
761 80
826 748
187 450
2 981
648 726
420 739
409 157
102 241
600 259
498 850
508 557
873 31
674 855
131 24
646 777
761 670
75 179
230 768
631 574
883 876
282 325
459 297
857 124
663 162
46 144
906 853
954 439
335 541
310 601
114 974
854 191
12 959
328 995
179 996
787 336
841 348
10 579
44 752
683 811
566 254
772 901
182 573
990 115
575 777
228 918
919 401
333 521
882 71
608 224
8 152
760 993
677 29
808 897
607 393
984 282
725 276
993 612
886 287
270 578
40 353
379 446
122 234
186 952
316 830
724 26
733 76
221 272
253 215
835 614
868 324
336 74
347 189
182 980
794 94
554 363
777 319
972 754
283 289
390 978
856 868
580 954
890 191
91 285
266 241
812 995
692 73
882 570
776 761
138 406
130 281
315 86
668 761
7 33
642 501
97 569
111 784
335 487
927 43
857 152
12 181
18 231
461 215
15 698
651 192
614 217
102 183
897 908
656 967
971 708
424 928
330 613
754 147
869 802
740 62
952 306
388 305
454 442
240 288
926 699
982 418
921 437
830 25
283 531
285 499
144 361
531 976
290 700
359 565
928 2
745 33
680 490
584 694
679 444
542 106
752 587
840 414
396 18
954 455
98 742
699 883
368 42
621 942
280 40
32 846
437 119
502 396
752 760
394 628
742 214
629 142
805 460
898 126
167 305
27 633
909 98
106 689
200 655
260 474
316 385
475 302
423 113
860 638
288 949
977 891
251 655
679 988
500 958
122 232
313 873
351 678
389 241
546 683
995 334
770 340
752 493
226 981
628 873
41 673
50 968
556 2
69 367
618 355
893 800
153 149
547 690
911 527
618 586
195 370
126 913
685 659
882 510
188 202
356 982
790 995
203 41
653 986
316 878
56 541
753 482
623 565
228 421
908 5
83 397
758 525
996 848
455 209
874 819
560 254
400 184
300 989
790 168
691 836
674 877
352 496
416 812
300 903
117 889
524 286
680 947
537 662
27 593
279 116
305 653
144 161
880 152
209 159
24 430
390 813
76 748
10 525
697 911
17 788
157 150
393 434
411 587
437 491
667 694
805 93
159 251
339 451
867 253
375 593
996 682
69 152
485 569
821 52
981 674
740 885
85 117
825 867
217 213
195 301
158 462
897 508
291 469
841 155
762 15
869 802
736 629
114 356
115 46
491 621
364 613
199 824
429 933
654 119
685 34
609 276
457 602
635 80
733 404
482 275
220 663
978 347
380 982
45 128
742 882
939 127
45 481
256 509
508 902
623 848
36 569
617 176
854 977
547 651
159 230
158 313
922 348
672 445
242 533
140 213
631 406
69 588
168 109
609 278
595 25
692 60
137 882
450 193
893 915
609 179
878 973
829 510
571 150
438 197
735 386
352 555
838 408
698 906
982 409
17 42
57 460
573 419
26 582
403 790
374 672
549 745
845 129
592 842
896 77
676 294
990 190
393 602
442 843
928 338
143 302
607 608
751 66
890 407
847 356
678 936
887 897
7 781
186 577
69 324
881 66
234 543
236 136
343 74
547 588
8 492
250 787
573 361
556 856
251 159
689 668
770 799
819 469
143 839
901 437
21 638
69 980
248 871
116 729
651 890
515 989
170 631
472 408
170 885
145 544
480 162
512 831
239 819
272 892
262 590
935 445
273 38
493 612
462 95
676 551
291 243
496 781
95 605
688 557
790 267
445 769
849 257
683 395
13 172
911 903
186 363
568 346
711 445
744 449
676 847
372 196
841 293
666 628
213 148
419 99
889 333
177 332
78 708
979 299
620 537
423 397
421 767
255 195
361 819
135 139
67 951
765 336
11 704
226 659
870 349
56 49
987 641
781 263
407 827
47 948
116 563
520 430
917 367
861 360
773 856
305 794
865 279
359 953
43 644
863 393
160 648
168 128
740 24
560 452
453 581
712 136
461 402
404 755
380 550
657 522
405 219
911 358
529 345
543 16
594 814
93 908
195 439
564 514
3 19
118 291
670 126
911 710
369 819
192 819
20 904
472 614
288 641
334 69
60 815
417 694
923 67
427 43
752 862
548 415
693 10
451 398
792 566
554 879
895 230
187 565
269 810
93 175
966 928
940 181
911 516
704 820
377 223
140 387
560 589
306 767
935 867
21 460
822 113
79 269
327 757
716 765
597 784
686 79
382 301
987 275
379 911
508 275
45 282
887 629
818 589
823 345
824 262
74 925
682 734
772 511
193 399
275 283
604 523
266 238
994 743
249 130
703 472
997 906
734 172
772 273
527 909
380 430
481 489
844 827
161 709
987 974
116 548
880 871
529 426
681 763
818 166
880 569
764 520
475 603
813 286
187 15
166 909
623 270
818 78
706 316
462 863
906 994
976 524
691 865
789 510
843 808
893 411
783 71
850 149
310 452
906 407
900 134
320 726
802 385
234 717
92 434
190 99
315 947
374 344
620 720
903 334
800 259
284 13
613 469
120 537
166 46
428 248
431 263
213 343
459 30
690 484
577 571
596 329
828 408
6 951
563 781
336 2
896 973
543 436
172 483
143 404
843 481
51 216
748 691
12 520
740 431
865 461
491 239
566 82
663 227
56 218
328 744
655 698
76 78
549 768
11 417
894 245
205 821
472 415
803 288
758 794
156 82
535 583
73 72
164 893
331 450
731 176
475 657
373 615
114 901
902 866
362 230
526 172
717 402
179 341
228 46
362 315
747 448
198 787
315 821
559 610
712 166
31 321
476 992
105 792
387 812
763 209
441 468
758 305
673 527
147 955
640 79
681 246
689 497
140 631
425 589
631 394
286 663
445 309
324 268
644 813
568 145
316 974
680 793
23 77
434 5
913 608
333 153
210 592
454 701
673 910
523 137
827 716
61 268
21 725
921 663
190 39
463 973
232 496
191 758
161 463
497 380
269 348
124 86
550 603
650 731
598 269
250 273
76 592
717 511
830 80
156 703
814 445
946 104
976 807
839 267
347 287
116 700
29 688
974 348
12 142
413 837
579 358
156 997
641 582
926 190
665 582
366 37
997 247
951 154
571 635
166 111
237 382
453 749
804 531
594 299
781 618
15 393
695 984
546 124
731 95
264 306
645 600
638 968
858 510
552 866
762 869
701 668
56 427
731 278
688 709
143 117
913 445
24 120
355 347
173 359
658 546
371 667
915 197
203 850
462 73
116 98
853 324
653 432
972 110
237 81
570 983
999 632
639 657
144 937
758 648
467 527
909 663
719 745
106 597
815 689
440 88
842 600
635 744
212 556
793 200
629 916
129 576
985 30
600 62
839 734
593 942
846 802
612 487
613 819
643 488
137 615
137 788
300 933
460 570
788 776
733 7
394 512
534 872
140 381
307 11
478 669
571 517
708 248
73 137
955 138
974 951
353 106
537 412
889 856
170 401
467 948
883 926
84 868
744 648
490 574
681 936
491 407
197 822
135 283
697 510
482 687
338 530
790 298
495 816
537 635
930 533
91 47
505 122
83 722
512 446
506 920
817 45
144 580
999 232
421 441
71 44
995 184
695 391
530 609
44 864
612 804
863 191
947 170
503 77
679 312
309 133
340 85
148 627
299 556
760 51
80 612
416 29
429 621
103 704
868 181
855 965
706 333
415 758
235 302
191 350
384 847
704 338
128 315
818 513
118 975
288 280
839 338
599 992
247 192
567 28
549 440
473 374
83 996
522 314
210 240
214 509
150 39
217 855
990 515
842 847
128 444
185 77
874 747
658 78
283 127
658 851
763 232
385 124
536 770
449 635
738 211
470 203
458 104
927 99
727 941
876 317
224 845
72 533
345 857
505 974
200 859
734 590
919 222
952 325
991 366
644 890
738 486
191 159
386 458
707 254
121 969
754 924
64 488
64 197
324 267
461 376
261 92
643 356
409 729
174 867
673 538
418 710
506 296
17 114
615 324
916 361
637 327
641 211
439 725
831 15
403 0
486 597
28 266
26 190
74 427
226 950
175 468
571 120
858 922
995 882
122 592
707 923
723 398
956 35
973 182
69 858
622 129
715 956
196 789
11 58
200 874
924 84
383 381
393 375
59 764
45 825
249 492
487 373
276 151
912 331
122 378
963 62
933 150
389 853
989 340
821 322
60 215
957 327
555 237
497 123
819 110
32 383
942 384
457 69
942 674
440 275
406 176
257 124
809 143
691 0
767 569
401 342
607 482
189 815
9 196
990 940
299 136
924 2
439 438
73 301
747 175
570 659
481 105
950 467
400 307
910 886
723 394
718 100
776 59
123 458
435 689
534 99
412 65
632 980
118 93
350 516
770 982
47 820
531 501
834 444
75 499
46 78
343 472
765 278
718 985
672 482
584 421
281 799
748 315
405 925
114 684
24 627
234 542
950 869
877 132
423 101
419 392
666 921
252 890
93 484
35 350
620 422
39 297
408 400
202 683
235 124
392 473
117 424
767 999
133 37
91 880
230 312
50 837
370 82
743 20
774 432
694 127
986 723
883 959
77 892
88 720
48 293
542 286
74 549
932 944
516 762
398 685
758 403
584 332
218 142
779 120
734 560
958 220
672 75
929 995
566 813
302 275
795 39
514 763
977 722
210 754
843 585
465 346
465 3
593 382
914 439
288 639
397 254
189 173
945 539
331 116
38 6
725 437
707 481
674 759
682 338
548 789
760 987
971 625
265 494
512 345
644 77
918 202
690 849
267 699
253 729
360 467
167 182
877 764
152 244
185 594
493 212
64 415
981 256
550 441
821 150
946 359
190 664
39 56
525 35
479 892
108 535
313 47
304 942
685 203
99 385
157 212
930 207
750 386
585 879
159 411
709 897
914 104
170 776
576 145
798 922
290 90
622 811
509 320
785 238
486 471
810 998
566 790
193 612
471 926
947 850
248 78
489 711
534 338
799 260
948 805
550 439
35 709
972 917
829 142
394 142
719 66
150 683
574 895
234 531
803 641
813 895
825 914
937 762
870 599
820 933
897 373
107 170
691 476
700 719
873 602
131 77
769 331
351 10
666 560
685 260
889 613
758 247
386 88
277 265
859 734
651 115
655 576
942 50
642 663
415 816
32 947
212 893
659 154
942 513
589 975
163 374
354 305
190 874
217 158
717 859
845 440
235 862
479 302
47 601
679 854
326 775
259 586
301 716
822 968
49 538
876 494
498 875
925 422
349 712
401 382
377 1
811 884
884 734
881 904
559 533
2 178
703 205
993 853
278 99
26 516
633 91
554 933
435 345
971 515
307 504
736 480
897 571
918 618
438 258
932 893
132 839
685 74
420 914
163 319
239 714
286 86
255 989
205 34
7 793
36 912
736 659
350 563
829 497
429 202
409 235
729 709
872 935
205 294
947 214
560 173
496 584
186 47
538 247
669 935
620 275
303 21
372 393
861 671
478 898
553 509
69 433
855 257
561 357
453 367
822 920
929 305
42 87
255 774
705 155
811 4
972 735
596 795
87 354
674 308
594 711
602 722
827 124
687 64
737 225
187 900
412 585
806 530
387 485
125 491
814 967
519 999
670 772
148 729
513 230
456 603
842 761
831 106
153 84
624 122
615 546
343 581
453 498
518 128
189 931
371 735
752 444
704 378
537 803
831 631
419 445
428 147
943 222
600 163
352 288
859 352
395 449
498 570
976 680
881 236
622 625
210 49
7 850
303 524
383 132
924 622
171 622
537 996
991 158
215 15
561 522
72 369
956 646
635 180
383 662
272 989
8 727
730 57
131 417
275 982
463 951
580 133
434 194
53 63
836 219
81 558
50 0
734 413
932 273
612 962
137 475
555 683
953 908
426 695
812 880
837 991
249 268
895 605
705 257
736 259
773 475
553 998
853 443
110 956
634 49
690 549
534 118
153 775
979 569
970 212
730 713
764 255
893 514
68 860
614 483
371 352
314 280
316 89
136 611
183 399
358 280
311 348
6 96
979 647
53 391
139 863
5 890
89 334
67 707
475 428
91 744
534 878
186 712
541 663
133 927
266 533
312 460
787 383
514 649
505 918
663 708
653 521
517 356
100 789
587 981
901 756
663 111
56 462
335 363
962 326
674 625
926 847
993 902
838 918
384 289
458 57
209 976
103 64
282 95
876 803
21 593
234 229
690 1
562 727
384 19
259 768
193 903
988 292
39 806
55 66
241 960
54 538
539 5
490 454
613 290
522 25
154 919
305 382
595 726
931 690
173 47
521 452
649 698
67 212
75 956
974 946
845 645
606 688
21 721
686 195
188 631
397 30
216 454
819 527
940 638
68 62
62 166
940 155
906 450
804 879
709 791
4 294
21 66
914 836
703 173
506 870
752 540
422 554
888 48
887 217
812 825
669 483
555 753
651 500
892 334
863 262
230 104
193 855
191 677
497 932
81 529
870 303
650 946
236 797
835 435
262 922
203 110
685 521
373 536
895 351
831 264
395 24
908 808
996 452
77 671
508 163
867 77
875 934
56 513
808 584
167 472
103 821
865 823
92 673
986 595
855 420
83 886
881 453
929 165
46 685
765 743
282 334
990 225
25 515
212 640
362 738
214 599
979 703
454 258
891 594
315 897
356 196
72 889
56 70
763 95
310 235
177 327
716 487
360 964
927 39
493 233
609 939
750 143
330 138
923 984
874 404
193 995
326 246
822 393
145 554
260 336
469 93
832 589
962 821
802 944
134 346
802 698
821 867
769 322
771 5
54 768
88 152
738 866
636 451
422 790
699 513
323 278
74 27
314 202
731 928
893 163
69 354
181 644
296 827
14 934
791 728
232 188
606 45
216 300
798 697
558 207
759 484
231 666
318 886
270 574
224 633
655 741
333 225
733 951
583 587
373 900
285 812
441 250
524 451
409 977
965 722
751 509
389 465
18 364
33 292
254 849
664 919
330 920
629 734
626 3
29 73
486 260
558 304
730 236
193 739
247 699
697 806
122 833
444 315
931 588
994 952
345 675
67 466
837 59
838 666
164 383
232 911
672 710
321 28
745 392
293 132
176 616
425 3
853 280
269 655
898 210
81 879
223 435
475 579
615 101
248 652
179 485
584 884
773 761
391 425
200 6
225 318
326 770
758 987
730 925
303 967
831 685
352 867
168 18
182 328
250 647
786 332
639 363
966 473
540 47
528 174
174 800
181 682
808 551
712 438
600 647
171 962
858 822
964 19
525 48
508 876
845 417
21 426
576 114
818 84
174 622
131 803
810 764
608 231
646 471
174 578
446 989
824 977
555 853
560 519
4 349
566 380
416 483
160 967
855 338
603 56
393 823
704 617
318 396
283 973
152 164
440 481
550 536
239 346
947 826
346 328
614 321
724 162
731 500
356 762
170 66
273 882
62 945
233 999
809 926
933 540
782 613
679 994
255 376
879 31
808 677
706 949
963 27
141 933
470 550
96 235
586 908
342 292
797 566
35 109
923 555
615 261
976 457
539 278
41 797
537 688
595 461
433 503
28 341
233 870
601 63
45 283
232 134
344 869
431 684
73 955
900 754
873 159
390 153
699 804
220 359
957 668
981 356
727 348
79 797
210 611
468 56
43 417
530 57
535 429
242 421
17 554
812 965
42 419
128 813
856 820
632 357
210 715
84 120
659 926
990 508
997 886
935 969
801 925
578 957
268 485
192 711
875 1
331 130
482 920
279 669
505 422
789 825
393 805
778 402
942 989
695 17
389 191
315 289
671 408
998 385
614 404
759 914
832 937
961 698
578 470
377 536
87 715
963 529
89 538
77 505
231 831
36 142
360 413
830 698
646 777
480 95
206 554
337 208
480 81
38 85
970 269
407 351
218 650
562 509
675 747
55 551
55 294
844 433
982 368
993 922
430 488
383 109
164 696
68 191
282 929
730 979
89 518
338 475
849 724
290 775
319 656
391 546
581 529
623 411
280 800
997 346
294 542
290 188
167 53
778 49
879 521
806 35
624 272
816 546
644 439
988 70
675 415
284 852
386 537
404 636
142 150
944 242
687 786
995 596
384 473
738 316
782 746
328 647
823 819
243 396
836 685
22 641
962 410
152 947
686 789
821 636
871 785
996 930
1 844
513 797
542 36
740 417
912 267
265 709
653 840
697 443
905 590
130 473
114 880
858 967
104 141
105 907
636 465
688 153
731 116
764 295
858 983
488 663
828 60
114 390
642 245
476 453
130 129
414 822
164 298
946 98
673 457
552 216
324 414
75 776
245 851
732 561
108 481
134 184
35 646
738 290
343 573
91 620
40 285
740 144
631 527
712 714
64 914
826 68
384 553
127 480
624 840
233 804
787 627
350 762
140 856
64 816
332 53
270 414
963 893
106 398
524 663
668 241
590 999
656 471
751 962
563 367
52 420
452 272
487 444
720 534
393 834
854 42
672 383
189 267
938 326
346 818
410 194
238 293
434 745
600 401
922 111
783 125
120 6
99 877
753 652
812 524
215 269
3 846
988 882
8 661
877 738
891 66
650 769
599 767
261 263
51 570
113 474
171 564
597 22
23 338
689 899
874 340
672 928
166 845
159 103
567 963
869 128
701 615
92 267
141 750
302 441
537 729
635 914
559 378
123 508
136 345
190 994
907 478
236 587
905 855
858 221
690 428
874 41
640 137
143 961
937 148
735 247
579 831
521 224
227 616
208 745
951 320
641 672
357 553
250 102
75 732
12 644
881 665
491 28
867 807
163 817
276 519
605 426
135 565
826 122
975 678
79 860
42 424
450 133
890 534
235 410
132 531
574 940
164 402
265 25
377 539
377 733
196 776
138 33
159 656
167 258
980 620
294 525
587 89
815 970
80 509
351 454
364 349
288 606
707 719
75 441
527 515
729 765
651 415
430 972
273 35
647 744
936 314
126 725
361 483
963 470
25 454
629 259
659 715
385 297
199 815
514 66
510 352
186 431
807 124
216 620
863 365
395 83
988 287
182 987
435 973
372 849
267 929
813 391
970 963
426 901
470 779
278 934
814 242
509 645
586 638
177 735
216 349
99 707
729 189
247 383
251 968
315 20
800 149
217 269
79 861
690 931
641 52
470 157
295 273
714 550
819 583
865 856
148 892
702 512
965 250
512 297
80 612
319 54
831 916
862 778
371 219
482 362
745 960
602 158
642 876
376 147
321 237
703 292
74 402
636 555
490 590
578 962
26 17
705 183
783 148
647 192
599 811
433 562
260 647
827 673
373 381
791 203
126 161
827 205
548 23
894 51
774 219
380 849
25 799
816 872
530 421
105 790
41 382
664 900
188 683
705 214
841 922
48 574
481 875
710 530
881 402
260 680
275 728
335 511
613 310
485 975
159 361
951 932
578 252
551 599
672 986
435 606
767 836
795 117
546 714
232 284
521 925
469 514
360 828
195 811
390 173
103 279
974 783
767 755
459 869
261 115
608 294
626 984
397 498
167 78
769 136
984 490
748 246
122 858
452 120
887 157
556 981
87 29
263 318
313 474
995 25
987 529
107 301
758 564
885 486
557 172
742 483
359 556
139 686
771 640
585 788
748 37
143 62
341 867
458 487
454 617
329 943
712 920
963 751
486 570
142 878
684 732
809 452
996 362
172 141
759 250
310 440
753 948
783 248
328 128
280 162
998 720
439 352
909 992
951 278
106 307
216 260
989 328
994 859
336 637
88 707
990 10
627 963
751 233
172 339
769 76
359 103
392 936
900 484
841 145
63 865
323 623
754 182
704 687
74 639
299 420
31 983
89 399
752 975
533 13
607 942
175 904
312 189
189 425
888 307
797 708
203 383
713 676
934 468
620 465
735 82
908 759
674 538
240 361
349 602
228 486
446 330
315 731
436 118
420 425
107 525
88 704
795 825
27 708
67 912
249 247
650 362
595 319
591 980
882 465
298 397
443 398
187 47
212 605
777 776
686 722
933 114
283 86
712 535
890 198
297 809
896 312
244 776
202 771
352 885
480 278
464 264
892 269
84 909
451 39
64 868
763 411
734 481
742 196
272 977
869 11
64 958
657 332
315 204
974 99
963 29
290 225
621 762
156 233
67 164
872 168
10 218
370 365
782 75
848 844
244 734
869 481
945 128
347 980
185 182
498 136
194 764
822 728
66 733
997 668
822 867
106 824
774 306
795 70
413 80
10 534
149 279
506 330
810 823
647 15
621 830
835 953
180 105
847 838
240 975
351 797
943 275
505 72
963 427
39 256
563 416
891 393
417 133
499 518
900 818
421 197
606 923
156 470
121 877
459 64
101 337
25 389
781 149
518 63
939 766
974 731
465 506
948 549
234 774
208 852
519 627
92 447
574 822
803 152
585 336
475 80
291 91
700 755
592 215
545 717
205 163
879 381
485 976
892 218
462 730
706 916
804 496
876 844
940 7
456 5
203 10
502 252
664 325
0 519
928 9
82 579
321 506
907 104
289 256
228 152
719 187
633 374
257 642
478 164
800 846
276 120
209 930
173 111
62 14
652 618
709 965
343 888
455 339
153 644
139 211
484 960
763 679
340 435
680 321
394 879
466 290
759 590
130 98
911 878
236 23
96 762
151 857
571 812
295 325
818 751
901 977
443 946
644 96
284 850
239 989
911 622
234 717
344 129
399 16
629 707
458 569
109 281
838 126
564 447
745 482
46 27
501 193
681 340
321 212
865 683
168 374
38 952
848 549
576 456
742 693
30 677
143 450
643 975
186 252
378 354
157 712
316 616
264 840
970 691
818 311
298 171
878 358
500 867
943 603
952 105
843 797
229 890
289 27
907 915
327 948
563 504
821 204
164 147
581 765
983 247
359 652
292 581
720 254
134 871
803 451
189 731
820 2
99 699
48 629
618 835
512 646
515 2
856 25
777 844
747 900
736 783
273 941
648 76
484 523
839 113
159 351
214 789
504 156
817 803
560 517
461 699
296 254
478 933
662 158
102 144
200 724
285 786
288 719
693 792
505 434
989 264
185 40
81 997
159 51
199 251
871 276
949 164
364 278
130 915
814 924
762 902
332 341
134 865
771 308
355 441
447 189
105 886
930 28
447 812
611 176
742 443
672 497
427 926
591 382
904 914
833 258
677 408
400 87
539 980
731 875
394 934
768 451
692 121
617 605
569 426
474 178
156 203
57 388
69 881
943 692
913 19
646 640
671 756
844 691
973 979
351 597
634 920
409 276
4 2
574 907
534 535
84 402
138 635
995 398
117 965
876 498
715 974
286 558
96 243
199 112
50 61
920 728
35 319
341 185
443 680
843 612
493 570
106 350
297 34
629 822
178 545
639 248
88 570
961 349
673 205
954 166
907 83
902 839
318 19
160 893
798 178
968 701
459 992
527 50
512 732
924 31
504 852
559 25
286 660
952 642
692 670
897 950
168 39
873 644
904 596
522 799
991 908
542 366
320 920
869 145
299 281
394 797
230 616
567 137
750 148
318 130
486 831
50 756
462 754
621 90
592 778
811 607
383 115
399 438
889 724
580 439
823 395
694 724
906 75
306 827
248 83
988 676
663 785
848 645
937 183
83 220
217 332
826 485
574 958
786 597
157 854
667 710
91 853
991 659
107 158
111 671
85 979
8 793
112 597
289 187
153 606
609 171
636 649
47 113
571 141
553 722
141 758
817 781
216 668
53 260
434 720
374 829
204 196
28 33
977 794
519 300
309 616
152 511
729 586
170 595
486 144
147 199
880 506
936 363
718 242
784 845
510 545
95 44
958 404
758 380
657 64
433 722
14 348
729 616
863 158
107 922
145 296
81 682
903 636
143 825
756 446
848 7
521 881
98 254
339 285
48 322
112 488
143 147
516 250
491 61
735 5
218 671
473 700
697 492
297 75
6 351
203 536
277 842
600 137
47 209
978 367
272 618
560 145
441 551
702 547
349 696
992 303
79 2
577 5
708 525
175 752
77 13
730 9
472 414
749 112
662 550
915 720
408 997
470 971
102 104
636 541
353 335
147 317
250 35
431 938
890 876
137 682
587 2
490 208
359 827
152 607
344 500
600 194
799 923
877 902
121 253
487 851
150 531
896 542
972 170
419 771
852 147
110 881
523 632
970 254
235 616
320 44
171 709
118 252
317 132
531 499
399 405
367 634
916 876
262 867
699 462
334 856
32 672
511 525
546 565
371 345
229 590
790 314
976 407
200 599
506 328
280 785
129 785
259 596
963 393
525 410
104 89
376 554
471 524
11 719
769 354
996 459
67 61
817 462
40 180
212 786
134 950
693 945
647 969
788 520
667 148
991 917
844 577
848 72
810 47
611 958
56 135
790 652
775 541
522 698
857 498
466 141
177 944
362 857
41 189
521 967
4 403
753 828
485 575
767 626
984 785
30 507
951 467
641 754
511 350
209 461
373 953
147 304
835 756
670 331
79 796
899 808
14 695
166 45
349 851
484 49
296 553
549 716
215 960
308 215
733 239
741 351
746 491
543 996
212 571
793 567
282 959
466 995
337 64
835 98
971 60
528 411
884 137
936 171
358 644
424 955
496 466
543 360
586 943
421 712
244 540
861 995
848 271
477 488
214 982
931 514
30 443
834 635
179 359
518 616
270 136
332 740
688 557
990 945
20 724
653 28
932 89
632 209
427 906
828 864
947 496
108 910
264 361
979 182
285 244
647 489
125 940
713 420
564 241
18 258
784 675
985 529
106 376
514 729
417 160
288 706
673 88
582 669
552 828
947 830
529 552
396 392
781 144
423 82
910 286
125 609
438 684
103 646
200 298
316 1
132 451
33 142
897 972
59 31
990 676
593 130
681 546
933 621
540 259
493 199
413 427
757 704
150 62
103 355
244 719
261 635
403 849
646 917
417 173
32 237
426 627
182 715
37 764
378 398
460 846
523 713
521 369
922 246
143 707
418 177
336 543
903 471
742 476
584 14
635 378
791 917
388 287
153 760
491 940
945 109
276 890
362 419
819 89
421 332
20 633
191 479
402 410
583 971
340 106
247 265
112 866
852 850
51 521
772 83
573 601
172 725
426 186
721 65
774 984
898 745
671 101
740 391
599 65
143 635
138 279
529 452
563 337
778 394
363 262
440 401
988 347
316 39
74 896
708 745
596 157
578 531
282 268
173 136
343 608
310 313
937 743
166 217
966 516
110 352
450 96
655 909
174 818
860 874
307 740
396 547
456 728
76 135
855 211
429 723
462 617
449 275
965 121
492 82
708 978
936 811
311 678
410 57
444 878
100 460
764 990
162 693
481 811
392 53
327 474
531 505
93 802
80 240
182 957
835 951
891 531
865 909
355 440
527 563
62 551
852 542
726 695
516 609
592 605
207 364
809 450
337 801
164 806
779 585
955 572
123 770
716 144
183 204
166 663
663 884
851 94
380 592
649 982
572 453
428 310
415 573
54 769
70 205
394 194
267 270
61 901
116 681
334 944
164 609
431 402
307 980
660 154
396 594
628 523
968 889
190 287
666 768
758 146
250 43
527 696
246 143
915 353
689 987
758 156
15 25
314 11
361 540
828 724
864 535
482 87
869 823
750 157
184 370
998 844
797 503
869 171
38 951
881 23
55 562
671 229
421 445
835 176
849 58
821 741
36 313
720 950
410 134
213 300
308 11
800 944
225 967
505 907
198 263
869 957
886 348
517 99
562 653
624 413
276 142
197 527
393 929
356 349
621 597
814 180
979 180
441 111
398 137
504 328
962 865
922 367
734 417
666 624
454 185
32 624
587 384
70 80
894 536
661 429
261 51
992 831
685 837
537 152
849 452
132 456
842 950
497 615
640 842
933 82
591 354
475 218
982 142
926 289
604 293
971 70
419 264
173 939
89 719
841 845
445 584
403 739
759 485
112 563
436 86
350 802
808 86
969 338
452 866
239 625
762 744
990 120
134 164
764 545
496 105
631 468
304 830
783 979
273 750
889 580
209 309
629 536
575 552
362 402
246 468
0 450
481 673
254 466
311 376
317 808
82 355
557 270
338 717
950 326
47 570
242 538
71 831
234 619
77 997
334 24
171 554
576 706
49 945
363 198
806 915
904 546
198 606
865 3
180 165
802 54
226 80
957 277
928 669
77 45
601 519
165 326
756 662
89 530
393 199
749 906
266 30
277 853
604 841
333 690
790 791
146 321
522 728
184 141
937 998
518 852
308 685
199 698
856 719
874 338
82 692
980 687
131 128
172 786
165 820
872 557
151 137
78 639
358 507
837 441
53 459
365 505
69 911
148 500
280 118
715 202
91 918
152 372
98 545
541 217
457 80
225 330
968 678
606 642
262 720
963 762
714 83
946 588
861 462
252 830
700 410
380 81
37 455
962 763
655 9
481 138
623 540
970 242
504 811
954 313
707 215
442 192
920 598
501 268
68 305
424 287
971 611
549 289
943 959
240 930
545 249
142 661
520 592
746 261
584 634
330 523
501 152
985 19
928 428
487 603
249 561
566 206
46 129
422 720
706 93
811 451
769 384
821 553
643 708
793 859
984 402
854 265
163 236
370 803
18 390
574 999
300 356
256 660
364 837
343 927
165 601
940 332
887 462
799 863
129 209
951 475
271 299
166 115
550 18
740 71
261 531
652 753
598 596
828 225
622 230
944 814
33 539
649 158
714 228
570 599
985 422
892 286
341 438
587 73
229 291
72 392
218 523
55 513
87 569
524 749
843 37
770 404
662 507
564 176
90 817
848 585
164 756
352 508
43 394
651 186
641 926
172 766
8 503
105 47
422 801
110 743
540 144
579 611
811 650
648 597
255 533
490 626
435 557
553 136
343 927
98 643
145 465
240 534
568 243
364 902
724 528
480 137
348 929
649 192
40 912
508 561
705 738
426 64
774 353
534 326
864 121
87 402
999 265
849 840
662 340
849 23
333 393
502 743
215 131
546 413
581 700
21 921
613 878
671 320
675 790
396 174
504 244
270 677
724 341
586 235
452 629
737 128
892 915
215 21
494 549
913 907
572 862
475 850
330 421
959 849
456 584
573 918
118 288
631 415
313 118
988 408
157 495
568 493
323 740
577 155
574 69
461 162
672 360
90 485
498 124
303 837
380 618
473 3
105 662
816 997
855 483
964 459
53 173
58 522
382 531
659 352
950 860
342 145
866 200
340 834
908 195
965 916
207 38
394 731
48 575
859 144
846 370
594 340
940 295
271 213
260 742
748 478
526 169
308 330
393 553
144 561
65 691
579 990
490 147
615 760
172 314
694 312
272 413
174 426
489 806
335 840
102 759
350 211
383 788
407 459
822 512
638 449
577 907
303 931
37 946
109 407
555 764
210 171
448 910
245 425
746 873
380 197
880 424
169 285
55 709
673 103
175 867
459 523
435 578
679 826
245 99
362 999
273 662
463 900
840 872
927 953
64 56
821 529
274 36
11 77
269 64
793 277
553 607
136 692
798 812
809 179
989 91
379 241
744 972
621 17
294 976
664 732
449 639
177 458
916 625
910 123
591 707
519 450
557 509
903 948
888 481
538 486
171 903
945 901
231 631
532 633
666 78
224 421
126 68
457 848
870 349
737 159
470 96
978 663
419 836
233 70
193 169
771 993
612 22
556 987
64 79
837 789
565 545
246 449
917 297
229 259
952 793
541 770
883 117
323 419
820 438
237 911
104 732
972 806
353 825
579 588
170 259
200 915
277 475
546 98
248 316
548 644
658 589
778 547
940 235
961 918
422 49
668 641
311 457
324 261
346 272
255 103
309 317
540 445
76 242
350 423
373 318
263 186
701 793
775 930
51 346
325 753
339 990
917 971
870 210
571 853
63 211
767 245
305 899
338 667
144 879
983 792
846 462
477 693
775 45
269 136
990 849
407 443
897 5
89 694
899 517
946 6
656 609
404 733
582 694
793 99
955 305
720 885
353 950
855 206
257 104
635 460
831 418
454 740
642 653
88 608
351 179
241 304
262 19
166 903
933 590
666 423
891 490
471 927
648 716
549 156
508 620
425 206
781 923
434 21
796 384
297 595
778 36
271 564
695 650
620 867
676 211
740 247
786 592
20 686
82 665
734 672
334 591
65 295
343 509
181 357
337 996
437 847
564 823
573 993
989 60
278 514
36 684
56 873
455 356
328 8
303 205
146 808
761 138
385 654
623 56
244 516
920 946
939 867
926 853
779 727
926 929
829 347
998 642
446 999
698 646
994 55
95 248
11 550
259 732
625 291
556 412
434 427
953 506
340 935
678 639
239 831
204 291
297 878
680 686
997 552
995 910
260 994
306 674
574 809
54 735
130 758
678 696
884 713
756 604
583 643
470 195
868 600
734 64
881 700
36 686
589 85
273 788
771 842
848 866
110 426
513 625
724 920
357 766
221 158
865 751
21 896
244 505
64 418
179 290
958 180
848 250
592 381
447 967
818 390
769 713
216 936
291 467
798 416
25 212
91 242
336 885
878 677
82 363
20 669
117 359
8 766
966 188
932 384
642 792
94 510
645 71
679 35
190 749
920 735
715 131
166 374
369 220
553 210
895 991
719 666
875 15
918 219
837 114
561 430
435 959
706 386
956 836
609 348
993 775
604 908
57 587
912 121
380 933
854 335
658 351
634 344
461 892
520 74
276 77
688 856
618 284
628 211
710 568
142 962
468 736
928 743
516 147
46 516
305 247
694 437
181 441
28 640
331 509
215 179
629 397
544 853
431 703
244 256
748 402
672 589
831 178
916 360
852 653
315 517
225 44
929 675
639 230
422 113
461 737
115 463
375 898
386 613
99 503
115 873
812 140
612 173
978 299
1 496
962 375
252 710
202 786
287 522
504 653
663 787
507 265
971 628
58 140
494 721
60 862
137 423
408 388
404 819
557 116
486 590
804 394
884 911
285 595
902 529
384 688
552 846
38 973
176 693
286 882
171 920
667 74
685 113
174 955
48 790
665 533
852 466
940 454
793 862
971 941
321 792
415 277
449 171
676 93
993 983
803 926
282 418
25 20
704 927
48 920
264 814
844 109
683 957
993 643
51 469
667 648
190 951
101 333
737 569
422 672
863 372
649 574
642 352
453 4
81 930
100 333
795 12
623 454
506 742
186 944
59 564
836 430
102 191
546 808
57 241
797 415
633 43
464 563
396 785
950 609
113 193
932 744
481 967
211 598
490 509
577 382
169 441
552 350
56 543
919 622
608 617
231 683
793 492
489 668
175 173
502 380
967 636
279 442
347 424
798 390
674 26
821 485
828 790
942 591
156 48
218 430
79 291
909 114
700 992
258 635
172 205
308 678
452 492
941 219
977 821
562 102
43 142
870 981
437 994
277 458
684 824
276 626
181 14
464 772
660 430
444 478
835 728
248 749
320 999
550 603
514 760
821 590
149 944
44 870
723 598
815 375
557 537
294 872
419 3
975 843
849 166
248 182
635 518
953 425
426 248
570 90
55 304
649 829
791 369
31 888
903 377
27 886
106 931
534 569
321 401
737 93
314 177
772 467
301 511
737 196
802 868
65 447
23 374
869 149
873 664
279 506
753 963
833 886
529 756
862 317
670 976
264 180
816 214
650 557
120 108
359 900
586 269
699 947
331 657
913 532
404 853
604 701
304 220
369 928
970 614
668 755
43 497
283 646
451 341
881 179
101 868
100 499
392 938
664 830
218 233
36 315
104 40
958 953
844 941
755 612
446 881
786 261
503 123
738 851
25 703
296 31
347 48
150 535
404 443
824 72
877 575
872 417
332 874
53 174
454 77
24 962
613 779
39 177
443 710
253 581
917 451
793 79
683 63
918 745
983 593
803 385
828 153
804 416
321 546
969 83
470 509
726 354
766 6
619 120
974 274
436 667
981 49
635 492
956 257
796 912
664 811
826 288
78 834
896 6
478 561
387 370
555 811
558 284
146 409
86 906
769 760
879 900
178 578
150 710
807 670
856 710
88 66
251 199
428 407
732 468
316 733
49 225
558 721
736 599
96 309
528 391
523 343
318 585
107 588
498 677
900 271
155 697
839 564
736 108
701 826
809 970
291 960
301 41
422 439
157 804
369 409
169 398
189 56
9 986
545 250
207 536
922 955
427 250
836 667
999 440
746 42
69 800
498 610
317 250
348 556
699 451
661 885
529 489
975 162
424 183
907 737
101 472
818 546
930 937
480 974
898 890
434 95
977 366
673 201
339 20
792 360
156 284
467 761
264 494
648 85
180 375
250 75
372 869
555 29
830 374
738 166
583 892
126 794
142 659
194 495
742 486
233 835
607 863
299 142
558 678
1 177
179 651
37 295
276 383
662 83
513 600
291 466
576 612
277 802
690 97
842 331
197 289
712 357
507 635
470 139
963 880
313 719
239 684
374 277
902 406
154 852
346 705
922 410
692 491
296 15
662 910
812 94
210 806
988 767
602 402
4 177
863 374
425 686
390 568
770 446
472 297
72 105
377 967
592 79
651 169
151 722
851 219
934 479
884 682
381 297
779 386
796 526
243 166
664 214
418 447
379 769
971 690
248 304
637 483
901 864
165 558
833 674
728 263
680 494
691 536
237 409
446 324
383 700
149 305
919 136
17 891
993 758
520 719
769 612
608 237
320 469
618 538
591 15
980 636
931 692
863 951
154 961
923 679
709 59
463 39
334 442
869 282
579 6
301 953
748 114
753 332
34 142
690 492
464 354
281 584
207 167
536 550
524 736
514 965
125 505
663 656
308 823
101 430
746 648
868 768
856 60
448 226
562 676
125 309
981 458
982 172
203 97
910 926
228 983
507 812
391 256
831 108
801 660
825 957
973 364
835 739
718 393
589 261
369 710
803 613
766 791
187 352
719 434
17 407
706 340
334 509
372 303
342 922
31 963
833 143
917 683
884 947
53 986
753 366
254 125
900 764
394 210
144 964
733 977
721 825
653 378
483 696
644 487
939 59
467 739
132 622
106 604
294 745
70 637
730 125
498 183
960 90
233 569
388 431
626 534
487 748
558 894
50 829
350 655
432 520
144 621
252 377
11 279
481 915
768 76
761 706
717 854
592 726
444 583
602 835
657 993
841 15
164 314
419 324
347 271
764 734
580 936
329 279
977 333
621 282
868 959
302 164
702 26
2 241
443 657
983 302
488 787
912 899
240 989
655 644
130 272
639 944
87 708
219 5
258 637
186 868
562 676
885 290
464 707
669 433
644 921
191 659
429 944
577 271
268 374
68 744
665 357
234 889
261 311
898 543
304 46
257 317
123 538
339 854
80 468
355 174
449 828
479 897
415 734
992 601
524 522
704 482
978 380
149 824
541 249
277 275
431 771
178 514
627 862
80 702
860 836
988 72
174 46
472 870
797 749
92 650
365 376
455 659
82 230
215 320
929 486
333 842
983 117
300 593
856 952
459 130
802 859
81 552
348 489
161 721
497 44
974 786
953 184
913 461
849 555
305 113
410 192
609 427
832 820
0 852
348 696
5 515
44 320
938 429
945 883
483 674
874 877
526 2
895 241
309 151
912 811
618 868
950 957
362 758
450 424
678 283
550 565
654 241
321 44
350 679
927 613
477 962
511 6
427 753
550 732
748 537
37 653
611 176
199 190
720 876
142 904
988 36
662 456
981 770
665 55
901 743
396 951
592 431
434 928
614 423
192 961
277 972
593 475
227 557
323 954
450 364
578 45
149 729
99 849
202 880
476 113
969 988
746 217
452 708
962 410
278 324
76 120
49 655
477 171
971 692
868 435
497 655
727 295
631 369
959 112
710 122
450 249
183 942
279 922
784 958
943 886
404 465
442 985
159 26
719 142
371 724
665 399
444 187
390 910
931 661
553 197
233 665
187 233
434 830
285 396
28 663
665 130
0 477
442 452
808 142
417 524
978 725
457 272
748 482
502 346
800 4
945 943
978 379
815 799
168 571
499 853
193 382
944 351
97 993
212 72
372 66
34 420
600 160
974 292
40 603
294 99
783 958
111 79
258 59
294 188
321 709
873 630
999 683
660 261
751 36
640 446
866 710
561 208
302 956
391 892
593 391
600 96
447 11
243 917
24 966
720 912
390 253
575 414
805 983
830 540
43 790
990 366
946 227
360 998
244 201
868 783
319 69
547 306
153 348
518 889
405 678
717 683
358 673
989 783
76 473
532 908
309 671
47 440
446 152
390 639
770 447
245 103
305 333
935 897
981 80
558 315
633 386
814 484
771 68
179 895
219 658
679 52
676 256
809 163
299 261
443 715
318 639
346 106
512 728
555 77
570 711
972 634
419 522
297 500
890 227
961 567
283 352
784 397
297 512
189 385
388 410
607 313
819 648
443 633
307 341
105 22
584 210
281 104
275 831
592 723
310 640
831 967
188 685
421 871
348 639
388 840
463 536
106 27
455 579
25 180
699 572
576 643
712 240
755 403
195 904
953 345
876 954
269 615
797 561
768 370
492 230
212 385
684 350
228 415
739 390
794 59
103 597
560 589
898 857
116 564
504 341
702 526
463 745
435 919
846 962
831 830
721 340
527 460
620 109
861 774
670 507
671 237
576 209
250 781
877 582
530 970
477 55
758 234
429 54
474 406
945 186
220 386
284 417
107 160
943 380
421 440
736 818
489 804
581 439
132 104
642 326
919 895
23 573
872 868
462 80
744 190
411 769
606 912
917 374
714 167
36 811
764 181
291 834
366 198
991 632
599 721
977 465
114 961
161 359
398 101
739 415
55 269
135 397
261 318
915 514
787 47
388 594
971 37
869 531
335 980
550 746
803 223
689 768
930 145
385 565
751 109
996 884
197 300
251 0
520 717
599 373
750 721
126 930
792 551
102 45
645 61
641 983
265 241
74 234
401 847
759 280
947 268
920 470
876 218
695 585
857 724
544 879
474 765
91 170
276 236
575 440
759 243
361 623
871 912
757 255
238 515
61 744
834 993
64 853
547 921
116 937
39 461
119 889
817 803
458 602
304 108
967 13
588 212
141 488
39 572
82 152
673 21
400 667
92 902
699 338
113 351
34 686
666 782
947 187
82 650
812 435
122 919
679 148
798 706
822 484
551 829
952 939
850 52
602 379
233 881
354 228
696 109
376 475
171 512
677 19
21 172
912 580
44 925
135 227
732 419
419 523
793 258
296 562
129 721
595 751
137 555
884 219
863 147
710 789
888 747
749 27
371 655
392 333
445 117
86 564
182 560
821 363
444 477
529 125
854 957
715 663
748 284
634 703
166 769
14 894
378 87
858 314
546 740
289 999
69 224
237 94
924 296
324 78
783 764
628 195
50 341
704 380
307 163
972 233
605 702
901 597
641 564
957 376
715 650
53 961
491 710
619 754
182 381
863 979
228 208
593 500
723 276
949 637
956 26
289 56
396 724
398 322
438 17
93 406
726 35
4 379
121 79
521 103
164 149
551 763
186 633
143 928
330 585
240 786
136 743
538 581
435 265
935 734
663 487
731 523
644 589
637 725
430 499
487 165
758 361
139 365
505 62
94 832
80 443
778 188
888 387
390 679
370 110
280 808
278 287
966 543
979 202
89 320
26 945
852 124
68 593
716 569
257 329
751 491
555 379
866 818
82 766
78 614
529 931
450 368
841 694
79 443
765 808
136 491
813 363
976 861
182 77
617 703
722 160
442 577
629 273
753 124
656 960
321 114
993 983
29 247
210 263
446 894
176 535
961 111
295 431
245 415
637 396
515 640
404 396
518 227
852 429
558 707
449 16
400 300
520 180
776 356
375 977
394 728
606 793
156 666
809 566
296 522
183 488
489 563
712 5
588 504
994 966
810 870
292 488
850 755
319 784
860 151
394 395
579 474
965 413
419 887
753 455
564 847
254 943
28 201
116 531
820 400
38 125
444 301
923 430
1 223
351 644
88 169
154 742
683 819
311 114
155 347
664 756
734 981
32 170
260 360
921 485
405 68
415 803
37 697
141 99
666 913
486 264
909 953
143 282
103 147
451 897
111 400
374 395
57 676
383 232
720 626
800 581
255 354
775 710
573 601
346 791
455 888
350 268
178 127
913 15
338 539
641 490
740 709
316 734
499 149
921 315
585 895
951 337
611 37
981 982
139 797
234 769
768 212
14 631
160 627
616 676
833 466
585 133
837 786
752 171
356 775
176 185
670 141
480 706
969 586
345 573
535 917
637 35
492 110
765 451
759 702
4 970
367 864
971 257
136 616
780 842
645 858
427 500
968 118
17 447
80 867
163 321
899 674
683 859
308 965
573 174
750 375
893 642
970 61
167 879
13 30
863 389
710 399
866 802
342 890
796 754
489 439
179 188
844 19
868 714
456 857
157 137
854 983
931 402
930 850
61 904
717 708
992 650
614 557
205 684
833 831
416 321
531 327
585 484
557 521
984 112
359 562
917 795
894 940
366 930
329 182
685 817
904 570
297 739
982 420
67 697
585 863
772 886
31 409
558 178
396 754
728 764
305 249
237 190
639 672
279 948
268 706
55 997
173 849
969 270
693 540
830 443
685 217
130 615
837 335
720 53
897 608
786 888
535 549
717 784
728 219
348 374
878 996
172 939
461 857
32 828
420 94
782 408
94 670
49 180
356 377
912 551
701 819
519 970
385 487
869 859
442 628
318 170
308 22
714 258
879 216
110 500
91 257
729 969
179 77
225 295
484 734
423 462
624 129
584 699
142 318
493 349
237 259
766 958
201 752
579 691
180 328
427 344
425 294
392 318
717 302
650 102
911 534
523 699
121 596
467 35
423 922
766 6
672 552
634 707
523 8
413 558
292 136
735 222
630 3
707 839
587 825
916 251
578 137
934 758
57 356
258 138
563 643
382 240
19 955
932 280
730 848
10 67
14 201
922 895
475 274
362 195
382 903
447 428
224 528
822 327
935 551
876 975
995 522
486 577
656 765
731 351
71 488
680 314
786 553
708 699
984 995
726 244
565 799
35 522
838 153
341 141
900 943
304 716
103 222
439 899
596 54
6 558
50 302
649 746
457 378
645 170
436 676
845 424
473 930
1 388
207 87
89 826
503 300
664 495
598 871
279 204
802 740
727 278
730 900
892 165
819 564
118 579
440 527
57 528
618 414
31 692
137 167
116 660
705 700
603 25
912 294
32 613
568 753
533 391
128 513
64 489
231 613
573 240
92 220
72 3
151 757
414 528
692 323
989 972
106 305
905 146
39 474
704 365
670 332
592 513
123 838
807 295
998 576
827 663
743 49
892 883
401 239
503 33
961 482
652 746
945 50
418 809
760 555
217 822
685 30
208 763
780 730
208 974
831 42
761 97
537 544
660 854
799 914
480 311
824 197
569 85
103 416
822 95
814 146
242 926
437 478
213 463
259 741
571 808
547 684
390 62
643 625
39 654
186 920
131 202
416 19
652 215
403 497
861 429
799 14
898 46
317 316
807 507
207 351
416 195
674 183
721 45
21 906
375 441
345 473
839 282
898 356
493 710
774 632
183 665
267 855
987 366
661 32
790 688
296 969
943 656
75 67
204 808
118 933
691 264
397 563
515 166
221 848
204 499
319 2
964 396
331 829
828 958
679 123
27 606
991 162
105 831
559 406
46 309
943 177
299 450
638 960
745 903
594 760
577 934
247 801
213 253
359 721
653 13
520 700
980 828
244 963
300 712
805 818
822 549
223 39
655 289
771 47
872 581
249 355
85 183
709 68
72 302
742 778
910 613
675 115
410 660
566 794
145 643
902 230
942 728
783 613
967 883
373 985
608 488
209 290
950 533
266 387
214 413
664 945
567 884
574 569
982 676
494 777
169 159
345 883
645 550
399 158
123 689
963 477
265 184
986 379
613 161
814 887
448 659
567 789
200 915
521 805
886 653
51 496
186 309
735 792
771 990
406 87
228 355
166 539
451 964
422 672
427 595
960 7
876 848
680 110
442 842
229 111
684 871
54 158
925 101
151 53
456 225
932 818
368 809
13 499
142 861
306 73
262 19
185 731
740 60
726 636
835 920
586 88
998 649
111 434
331 591
474 842
740 936
826 854
80 402
945 230
146 411
993 252
672 665
608 124
39 110
983 720
372 831
583 647
54 741
317 159
331 259
832 576
424 72
32 467
117 72
41 683
103 118
393 739
424 189
526 25
676 15
987 713
566 301
621 244
675 169
329 858
532 400
920 518
442 788
677 554
909 641
558 819
485 526
138 293
733 830
339 354
853 832
531 359
839 483
275 648
980 926
58 989
760 967
611 477
563 507
754 938
641 54
856 212
365 843
653 299
801 717
622 807
137 119
503 563
833 345
994 170
459 276
672 936
590 496
952 571
388 620
438 907
178 606
470 680
109 620
385 372
275 98
127 161
160 868
206 228
402 511
633 434
431 219
901 241
742 947
864 466
811 24
770 142
135 715
577 119
223 538
808 56
19 805
711 735
386 113
809 114
388 724
689 144
280 722
959 146
224 560
633 887
510 554
39 683
760 271
273 621
415 520
345 326
406 162
647 620
199 446
310 546
66 13
758 27
622 354
420 535
279 641
183 809
673 911
172 400
244 122
661 93
960 162
781 500
347 617
303 127
57 607
904 727
307 64
449 340
155 426
234 119
895 505
156 662
372 750
493 872
892 504
385 145
755 313
839 288
151 588
618 640
86 213
121 68
133 170
234 374
846 152
786 449
1 410
847 589
902 693
178 764
745 23
511 243
600 690
711 2
233 107
152 903
783 736
131 24
135 978
127 345
310 254
108 549
253 274
82 935
888 367
619 323
947 601
702 585
85 247
573 842
490 287
298 862
132 881
317 173
778 912
209 436
116 612
984 27
717 867
820 548
977 785
192 919
353 469
222 108
61 559
282 128
922 247
278 36
140 511
743 673
5 244
624 105
159 33
879 146
862 732
853 12
74 661
953 806
156 172
631 20
702 434
444 995
704 723
453 840
144 187
225 342
561 791
653 6
56 789
775 756
35 958
37 183
874 866
174 57
723 797
625 728
369 73
348 773
116 460
712 267
431 860
260 578
902 912
870 836
750 544
33 823
522 480
828 117
562 504
343 936
831 744
428 914
517 603
267 372
151 281
309 509
850 946
326 437
123 47
453 491
674 659
534 204
947 242
514 141
882 536
164 755
127 189
168 224
858 384
151 289
137 18
334 726
272 557
584 793
960 645
641 370
51 653
604 339
647 36
983 320
833 153
790 481
668 389
501 811
362 633
938 443
345 656
938 885
594 662
946 940
559 1
577 915
130 278
789 91
294 431
419 454
440 708
355 204
453 679
451 99
19 797
779 340
920 114
872 155
968 996
237 992
933 187
399 228
647 911
80 374
271 306
142 847
518 479
677 362
51 636
106 176
613 484
505 602
182 464
490 441
337 151
799 947
277 355
146 454
665 622
684 754
66 853
537 770
140 444
554 748
974 451
155 705
953 999
470 742
554 19
975 148
669 720
122 694
652 202
154 705
737 182
259 688
809 41
818 1
633 739
236 41
141 92
884 319
103 37
401 88
404 170
575 191
189 150
981 704
69 967
895 133
438 516
444 680
338 917
35 586
886 426
185 811
113 839
646 851
150 526
314 160
973 389
138 217
145 889
527 339
406 971
369 322
137 250
95 426
61 609
834 774
275 803
83 440
321 749
626 403
974 18
905 294
909 156
112 841
344 10
202 309
647 541
944 359
458 167
748 437
99 486
929 85
735 253
57 738
606 493
607 119
713 298
86 945
499 32
9 952
83 280
357 215
258 621
52 141
48 748
155 883
675 531
398 238
459 161
219 327
751 983
204 41
292 541
449 690
440 888
173 174
682 931
560 9
804 931
261 460
347 632
820 514
958 736
387 763
662 838
129 720
877 979
635 783
898 388
338 994
67 373
316 867
484 819
362 763
496 968
667 148
52 691
159 971
452 942
639 850
817 220
26 316
48 786
411 162
969 101
545 670
125 445
447 127
625 265
997 900
947 307
734 540
651 653
573 478
372 996
193 500
187 244
672 101
199 484
411 730
273 179
79 657
766 914
940 553
266 748
449 734
952 373
759 710
119 479
908 682
807 594
995 449
829 468
739 945
675 767
117 311
67 43
394 474
245 596
236 251
55 981
380 463
405 60
100 928
993 288
997 816
716 209
516 864
286 918
881 305
459 573
536 465
863 511
163 64
763 617
144 523
199 531
671 336
378 882
487 275
65 128
121 465
4 391
596 723
127 778
739 829
944 917
348 719
732 862
507 724
159 419
766 714
931 430
418 793
352 359
942 263
150 976
6 99
215 703
139 968
480 927
329 677
929 896
225 107
3 536
296 334
913 986
808 135
202 406
165 857
911 625
395 444
88 271
598 79
996 318
649 280
728 405
491 736
87 380
744 163
27 670
84 662
379 380
573 836
829 580
673 906
582 826
533 337
744 77
591 580
939 422
463 843
744 948
442 176
265 787
543 160
181 559
870 595
619 211
428 135
812 303
452 202
534 649
179 967
774 923
59 668
277 510
747 809
727 453
148 819
184 381
327 105
632 195
637 911
801 863
343 785
478 783
392 362
38 631
223 326
553 32
129 293
650 926
270 370
366 47
27 842
740 665
936 280
269 730
587 200
502 566
885 114
412 229
435 658
79 851
384 678
554 252
73 528
801 255
865 917
140 714
709 76
700 527
507 627
308 549
367 479
170 330
918 114
221 8
903 946
512 165
750 255
968 663
915 261
419 928
730 347
786 671
508 403
241 95
774 435
988 891
73 579
964 474
442 817
305 880
634 433
834 742
937 793
780 506
590 36
832 153
363 292
832 293
255 893
714 346
539 656
269 461
785 222
380 631
985 990
786 838
918 217
949 596
465 763
997 948
788 284
239 987
626 888
829 884
461 436
808 263
968 282
441 426
31 783
92 743
211 138
878 264
490 280
400 985
382 910
652 318
413 254
784 493
449 775
585 676
320 806
922 910
63 273
277 578
323 917
409 765
80 733
517 241
534 191
140 13
872 178
33 943
815 851
716 815
358 792
166 366
543 132
329 199
887 324
116 405
853 473
822 494
688 287
664 542
986 637
760 95
647 15
987 239
27 329
459 642
715 820
729 273
522 429
173 515
103 636
780 92
261 651
921 44
428 512
607 337
694 196
261 423
556 141
851 854
833 296
308 205
711 939
621 182
97 67
309 90
209 681
885 982
475 2
474 70
290 391
585 489
26 562
282 733
277 707
984 365
465 18
504 352
138 269
280 804
92 532
698 234
300 595
72 884
800 200
658 236
331 878
166 327
262 249
872 610
556 674
75 275
372 341
390 403
620 362
634 779
779 433
939 269
536 858
469 228
290 35
521 591
976 195
408 33
666 191
719 413
967 970
995 248
216 2
719 759
77 809
868 675
647 266
41 594
677 845
299 680
451 420
518 422
479 767
924 794
950 676
150 814
688 723
713 645
575 321
418 435
333 940
494 221
398 343
955 154
315 741
739 64
1 387
746 865
162 289
53 951
42 346
669 798
493 869
453 521
311 42
520 152
508 817
743 608
185 631
202 435
874 698
524 362
878 320
476 833
944 963
689 242
87 727
421 124
456 543
926 556
202 957
1 13
786 473
408 189
145 452
13 776
379 836
415 24
232 722
621 317
576 187
520 634
675 933
654 632
784 154
940 431
239 281
940 130
255 211
536 242
92 12
493 286
684 83
427 890
897 755
196 85
412 402
723 487
384 498
328 243
980 311
489 217
629 584
362 463
764 73
432 745
827 104
386 855
942 30
601 30
688 393
930 985
867 248
498 626
236 7
505 115
150 427
890 146
798 784
394 981
295 833
727 834
599 175
379 986
210 79
537 142
405 733
423 642
189 637
836 266
937 467
196 259
229 817
258 683
385 922
109 731
666 772
6 339
639 259
729 423
70 828
554 153
760 295
914 527
762 217
754 87
478 240
743 224
521 136
422 683
710 925
682 305
987 906
949 22
90 274
939 527
244 382
533 848
217 646
52 121
730 603
523 930
226 268
202 644
90 471
777 930
77 307
466 376
508 987
955 34
618 726
82 665
746 581
377 778
152 244
124 983
909 684
440 561
303 152
967 390
672 415
201 672
774 234
685 391
539 503
448 528
798 541
637 53
426 536
479 887
461 199
59 217
107 852
360 679
812 844
139 718
531 296
902 550
1 227
274 110
994 213
181 511
958 232
797 148
266 329
22 743
488 440
728 775
804 931
92 673
1 184
928 125
300 714
578 131
942 390
738 606
80 79
858 991
106 894
90 788
780 774
519 451
489 551
108 82
241 785
308 865
174 827
718 954
441 469
946 447
765 483
756 261
373 99
279 600
466 817
683 288
615 192
897 970
472 700
582 177
328 781
631 734
243 623
997 326
715 632
753 459
551 154
953 470
280 473
426 667
478 335
457 341
947 639
949 188
662 174
943 412
971 488
478 457
640 698
196 439
19 12
764 518
130 330
288 6
811 675
918 215
566 209
627 653
856 674
955 226
729 686
623 380
976 747
56 136
13 141
387 39
311 153
774 673
552 668
898 119
37 144
785 429
834 247
354 239
950 827
218 827
795 228
693 56
217 131
830 805
690 320
51 646
153 103
133 898
7 104
326 672
862 591
156 188
834 217
901 428
205 896
299 199
730 216
402 656
396 187
287 424
984 26
4 626
167 878
145 403
745 230
757 306
791 929
414 532
871 166
477 322
429 650
85 711
320 418
637 13
51 498
940 880
421 405
541 893
579 765
675 484
388 990
479 203
158 342
199 197
695 800
161 644
494 129
953 194
331 722
391 430
317 847
861 757
442 719
63 903
444 790
147 667
850 983
27 397
900 518
945 848
740 941
674 351
641 573
766 104
749 135
367 363
929 523
73 31
8 817
377 654
650 175
936 178
186 858
970 696
17 112
105 308
956 534
680 253
172 493
717 130
773 18
142 741
153 318
928 143
525 971
700 996
685 953
515 632
435 455
123 451
342 518
626 865
441 874
410 933
992 138
22 351
283 619
932 107
388 528
267 460
83 805
351 16
868 355
539 574
623 430
407 326
305 398
546 968
41 611
577 55
838 493
384 543
143 306
592 13
866 881
258 278
521 758
131 419
585 119
297 779
685 559
381 297
708 385
857 992
822 815
764 828
508 43
532 178
433 263
691 91
883 912
788 285
590 696
408 683
587 483
261 647
845 274
246 653
109 847
344 241
527 376
660 235
172 15
521 889
681 865
596 518
103 358
538 402
564 833
493 603
691 888
462 274
703 822
914 225
206 191
351 947
884 68
432 876
829 136
360 467
631 305
388 781
486 995
444 709
626 738
571 512
543 814
724 453
379 108
864 157
294 491
941 807
837 20
817 360
774 333
616 937
243 895
554 681
129 31
769 212
944 866
769 60
160 709
592 135
674 156
288 369
964 393
739 140
9 479
263 606
209 807
650 946
925 603
687 792
654 946
729 849
902 795
552 438
854 293
706 969
602 806
483 630
410 210
392 731
778 351
321 78
861 30
309 606
69 213
323 772
54 723
869 715
564 683
327 918
306 717
889 993
164 553
153 484
423 830
37 291
432 354
720 856
58 674
466 725
980 164
101 589
154 83
221 139
746 580
143 317
258 942
830 249
41 783
178 785
627 805
370 460
777 97
59 725
728 147
553 736
480 250
69 753
376 946
608 839
944 420
920 994
56 360
936 633
127 462
308 935
942 958
110 806
534 308
115 620
399 896
489 534
74 613
220 554
978 808
647 465
638 723
753 853
106 171
640 503
304 679
706 181
960 386
233 58
407 67
71 486
127 571
219 943
251 54
882 128
510 829
905 593
757 899
146 647
186 7
166 917
130 642
402 11
265 617
973 407
548 341
448 42
104 554
478 484
642 956
326 385
894 441
583 262
907 938
476 903
902 771
993 323
919 678
141 530
577 987
119 205
94 220
245 624
354 270
27 68
702 825
697 319
417 579
297 904
986 258
759 925
160 105
162 631
893 237
2 81
449 264
721 733
859 374
31 344
965 342
649 71
729 51
315 697
894 148
758 647
32 857
954 402
999 151
432 915
262 885
473 393
31 256
851 966
645 364
86 627
626 900
617 29
74 611
603 368
743 324
167 548
71 320
126 493
755 22
123 175
217 543
988 664
4 738
373 40
698 637
329 672
855 574
763 639
233 137
161 723
747 251
283 590
341 422
515 438
132 101
581 337
862 19
312 712
953 455
638 788
252 227
785 759
774 965
942 597
221 613
766 698
754 808
819 917
532 989
232 325
666 742
404 795
53 473
160 129
756 727
790 201
450 52
421 481
565 945
267 453
968 375
530 542
676 149
350 673
547 267
565 251
189 31
216 564
94 416
882 585
895 2
766 735
955 618
78 973
14 354
873 225
617 878
508 581
561 160
637 323
505 321
443 623
669 330
434 893
737 18
702 762
680 72
990 471
345 851
771 915
735 767
689 856
833 468
397 921
985 930
303 867
744 871
434 162
370 733
730 420
718 29
21 420
257 160
445 488
947 496
389 68
178 802
898 450
886 839
300 210
661 587
925 159
47 221
513 130
692 536
799 251
453 858
879 165
369 995
604 722
769 184
460 967
622 505
709 576
873 807
426 175
131 995
871 521
646 330
297 873
564 845
362 114
878 729
955 79
824 809
962 109
35 437
455 460
947 197
121 193
498 310
695 856
468 217
68 968
525 744
42 511
48 962
930 736
306 521
106 857
798 570
344 210
953 821
719 243
633 702
623 726
754 403
362 69
649 894
164 373
348 893
947 475
505 697
272 469
567 468
291 972
530 982
526 280
411 865
467 485
687 43
263 757
311 493
627 943
944 562
601 374
227 562
548 277
896 824
947 129
942 152
415 975
326 252
611 40
514 145
860 737
23 54
112 800
290 109
332 917
995 565
608 5
795 655
558 205
547 159
236 693
696 814
22 962
626 326
191 600
116 893
929 560
81 997
963 63
796 667
186 743
736 447
444 458
826 195
865 91
316 720
514 64
235 46
759 37
164 650
651 2
218 924
347 593
435 641
935 912
380 935
80 486
241 559
83 620
81 96
460 616
426 26
879 610
257 23
218 457
277 873
399 982
341 712
729 484
726 258
173 413
809 32
307 449
109 151
365 843
73 852
744 236
700 868
216 324
369 579
632 181
901 683
98 435
683 543
28 265
658 392
309 790
69 736
270 88
307 45
547 335
456 80
292 949
260 239
207 428
395 664
873 786
36 735
205 489
661 130
140 209
304 18
534 961
591 405
311 99
405 266
517 305
872 284
321 837
361 635
20 541
142 815
220 390
283 958
432 128
140 0
600 899
566 386
760 544
23 288
646 723
802 342
346 119
711 88
150 523
555 56
382 972
868 456
826 659
304 713
282 800
735 107
585 767
181 246
996 546
228 217
901 583
426 536
435 540
511 699
812 944
226 469
510 731
276 131
555 569
133 166
283 418
973 449
910 486
950 551
970 672
288 679
337 8
109 850
439 557
327 983
443 811
894 884
644 217
822 735
838 638
632 453
220 518
136 220
568 343
271 60
201 553
730 284
628 709
515 322
271 556
895 618
354 684
607 507
351 527
106 53
51 468
195 912
669 330
415 658
422 402
914 735
466 517
530 454
86 406
604 657
402 616
166 477
730 899
781 283
919 452
248 990
211 434
885 453
693 784
522 428
745 272
710 502
100 284
417 270
199 131
937 367
561 514
542 479
162 105
665 427
661 712
816 264
742 225
293 654
685 735
849 9
449 872
787 99
928 575
797 932
558 765
672 163
500 417
406 434
187 493
569 893
681 187
59 787
707 608
381 129
756 200
236 539
621 434
408 692
334 197
295 991
931 659
570 31
226 189
358 804
140 335
942 367
874 918
207 521
43 359
172 463
347 890
507 272
221 270
903 721
421 190
751 889
495 317
920 921
540 158
910 103
606 680
761 275
857 944
245 848
397 103
290 743
617 677
702 281
851 933
199 364
853 291
454 648
530 948
912 58
265 509
863 33
505 655
368 543
806 929
766 969
754 238
423 795
287 665
773 62
52 590
824 300
87 395
674 949
259 911
36 634
250 425
391 578
709 68
688 466
184 508
41 247
859 945
565 47
960 695
475 418
834 176
299 790
133 56
547 38
610 577
366 251
959 684
391 728
22 785
191 610
61 673
291 383
254 490
986 550
648 915
942 208
422 913
224 997
997 353
897 778
556 86
974 721
943 109
723 570
149 64
564 577
172 256
712 984
24 998
807 758
203 508
381 224
842 863
623 695
188 111
454 354
393 563
530 805
936 967
16 66
297 79
79 744
276 240
919 929
258 5
75 952
979 448
433 346
719 721
280 260
769 724
769 534
936 446
441 863
744 256
157 833
202 439
263 718
815 427
401 642
570 318
631 339
238 296
842 767
205 81
466 461
324 166
35 167
139 376
675 949
929 633
747 566
735 24
437 731
980 735
821 860
945 947
570 591
766 195
759 918
357 573
781 529
652 302
620 644
17 265
225 817
426 801
26 273
602 450
176 479
643 973
716 398
664 402
245 5
257 483
745 79
757 798
546 624
699 884
763 901
882 760
339 379
226 122
105 506
802 604
81 819
892 300
29 848
373 236
568 108
393 542
999 611
359 628
409 66
160 479
344 954
950 247
57 705
699 74
272 130
703 40
543 70
31 998
113 347
554 665
706 820
69 414
130 881
945 671
969 104
483 81
189 364
965 844
673 101
964 490
688 552
273 652
979 177
812 465
960 878
285 712
84 758
861 257
617 337
133 503
691 449
260 496
455 466
575 176
278 494
125 322
689 493
9 233
293 547
739 454
201 433
176 371
453 233
97 48
885 972
602 203
990 974
68 421
17 445
421 603
214 277
197 642
482 216
309 151
948 284
460 373
644 85
506 600
750 181
16 954
462 321
167 588
75 942
465 208
849 259
813 220
849 1
182 874
452 297
870 437
665 884
911 446
203 217
83 400
774 770
380 193
283 0
942 514
178 617
924 257
567 950
360 397
344 682
63 865
623 392
989 933
187 308
404 553
499 989
547 739
46 329
629 403
460 938
638 501
90 655
437 623
732 334
503 700
115 728
737 512
889 166
792 445
51 675
540 693
727 409
906 553
645 649
649 809
979 69
799 109
555 873
909 251
544 537
48 970
369 244
82 599
325 362
472 750
48 265
597 683
557 726
464 817
372 379
313 523
229 412
801 401
414 550
994 134
538 769
333 783
803 493
195 30
409 36
358 664
227 591
537 763
765 803
429 708
355 165
173 473
245 60
852 642
459 126
262 453
499 246
596 451
673 972
156 365
726 21
73 434
196 788
838 525
0 49
769 675
209 817
301 778
697 887
296 601
577 738
263 211
10 798
607 21
257 799
958 211
803 996
72 118
818 224
662 913
390 879
820 132
575 535
914 144
201 76
470 83
145 449
303 63
136 499
269 815
558 792
575 601
809 649
949 970
981 660
616 222
862 325
518 767
420 749
210 857
246 355
380 331
27 483
829 480
276 36
781 351
438 463
201 151
783 516
55 751
599 783
291 941
825 195
863 238
665 53
143 862
424 533
331 88
182 761
40 127
7 338
945 422
178 482
474 597
942 910
646 957
605 745
961 839
790 842
456 703
21 967
575 223
38 425
227 369
58 129
354 948
81 948
392 555
921 451
20 563
141 686
42 820
962 859
417 337
446 697
727 291
761 169
820 123
265 463
37 159
592 366
98 847
353 186
122 16
300 434
141 24
877 549
627 843
651 595
363 982
352 968
942 402
645 805
477 564
688 88
95 178
816 405
352 240
320 149
663 339
970 885
127 310
54 210
385 500
915 892
719 437
709 712
427 172
224 179
753 968
764 819
35 418
713 416
412 270
189 315
679 494
844 958
481 171
215 229
900 765
552 75
621 717
428 224
416 473
538 289
914 112
892 720
856 70
364 190
254 594
505 870
898 719
393 964
387 640
313 942
820 583
619 706
421 959
991 416
900 912
189 297
135 124
577 168
389 368
800 984
606 828
755 382
881 295
578 448
13 708
707 230
161 170
659 968
687 419
819 977
6 602
798 290
272 251
499 314
68 742
382 212
109 404
764 194
786 165
919 809
743 649
630 820
467 709
544 509
668 241
978 906
248 821
237 631
209 158
852 897
190 220
921 106
835 962
606 315
423 679
641 925
721 449
955 658
404 906
130 152
940 515
153 399
209 64
550 518
203 245
837 273
399 816
347 373
610 118
398 695
890 850
523 818
29 931
831 439
388 894
986 2
48 124
609 178
841 430
19 985
83 125
951 277
137 198
444 767
902 943
584 530
378 811
885 494
241 396
441 981
139 906
669 525
591 438
984 320
633 484
365 528
854 737
954 823
94 265
482 662
401 492
654 244
269 209
207 9
687 516
495 180
855 300
753 578
193 632
566 384
25 956
290 227
935 486
438 93
979 70
415 859
507 133
462 301
899 389
417 469
636 505
467 204
528 366
104 369
421 267
707 435
552 37
947 49
148 166
59 240
763 902
177 509
187 779
162 132
397 853
892 936
698 893
964 956
639 552
728 457
715 142
895 273
239 79
472 84
957 808
609 152
203 906
690 350
354 421
737 138
218 571
990 524
889 519
657 309
692 536
387 292
461 137
915 202
365 131
682 2
699 292
177 453
318 458
17 540
560 595
74 760
771 135
289 231
936 536
588 175
982 392
288 440
144 212
917 261
539 632
375 364
886 507
449 806
682 860
741 289
996 381
55 404
24 367
275 178
904 103
92 666
62 351
855 590
895 568
350 460
320 486
801 850
437 956
178 541
823 810
128 226
30 172
463 446
200 253
958 372
497 764
873 398
507 110
959 782
783 788
31 845
597 526
191 259
377 151
253 560
134 235
425 106
146 304
316 705
793 871
130 536
931 723
454 524
458 176
755 696
838 433
282 743
688 513
441 685
624 432
959 688
328 728
263 591
784 360
411 329
147 689
787 49
402 264
759 913
887 51
393 197
21 208
6 825
958 114
470 157
773 532
433 952
981 851
397 795
889 504
782 127
678 659
933 945
486 846
837 989
766 577
457 506
355 425
729 157
344 991
711 319
618 206
485 203
280 285
234 619
341 822
517 562
953 197
136 480
215 333
128 161
296 736
812 383
287 78
437 745
638 120
53 860
73 764
298 313
265 724
645 711
317 442
190 259
988 911
835 381
685 21
793 996
963 169
266 901
259 661
831 600
384 668
560 851
185 560
849 851
265 984
839 568
591 230
708 305
551 993
951 760
361 477
88 527
864 404
266 674
614 639
946 583
270 621
399 908
834 376
602 8
750 771
736 693
772 784
693 412
90 986
204 737
305 311
524 176
383 16
133 401
760 212
68 560
40 81
682 424
500 36
580 208
945 372
591 438
69 674
98 524
805 555
24 745
879 25
334 601
817 775
362 15
937 619
741 786
46 41
163 869
423 102
64 804
291 194
604 164
520 970
826 978
808 252
254 527
41 700
77 82
980 263
322 606
217 302
302 445
696 845
695 30
283 100
125 307
138 534
849 78
999 785
646 573
427 981
68 139
353 616
338 593
66 953
557 733
272 971
111 650
774 957
849 696
288 832
323 390
360 808
571 164
208 662
509 502
743 534
355 414
205 557
957 808
321 669
250 805
838 771
551 976
585 728
295 509
478 64
12 723
739 248
661 719
685 651
696 651
514 518
874 263
287 42
29 327
371 890
225 4
19 654
262 392
879 96
113 652
493 69
566 68
813 277
108 350
565 302
743 374
949 734
26 910
190 96
443 908
358 914
715 364
983 308
678 792
90 883
792 621
573 622
153 952
565 369
851 209
816 440
209 647
9 30
850 355
33 480
878 9
340 691
592 925
731 621
485 538
168 266
228 457
23 701
198 760
658 418
0 761
237 553
678 140
332 142
99 679
306 919
270 13
660 526
367 806
861 752
931 150
211 541
188 743
977 88
612 107
742 137
235 780
694 937
296 223
776 462
92 738
328 184
813 465
270 75
497 671
806 598
985 306
833 659
617 144
173 0
173 1
216 662
949 821
954 624
388 960
644 965
94 234
251 242
489 140
178 882
5 264
831 559
942 920
564 622
562 866
945 157
70 915
856 944
406 281
545 845
149 37
759 213
241 881
291 332
74 670
536 610
164 338
30 771
820 759
683 620
16 663
927 551
593 479
726 825
277 570
363 873
256 608
323 956
844 238
800 663
833 920
480 276
46 491
869 338
960 592
382 894
842 598
885 910
54 256
802 263
643 943
905 948
648 752
55 995
624 873
426 715
822 912
130 785
434 102
571 867
428 578
140 340
81 48
117 393
485 499
812 339
456 432
961 814
51 246
355 785
636 435
650 168
352 136
286 623
521 856
800 7
848 573
815 205
645 700
54 505
476 858
397 253
74 614
460 951
985 257
375 672
649 651
550 742
296 936
964 934
66 291
211 70
868 594
14 627
853 250
192 414
414 212
179 788
268 912
394 806
692 649
179 278
302 26
575 356
13 423
397 680
78 414
366 176
622 583
562 92
665 11
858 792
401 833
767 618
444 527
52 869
505 982
815 957
644 838
702 203
656 565
799 11
900 850
352 877
809 950
497 977
219 70
982 583
638 922
450 69
419 969
392 826
714 745
547 339
362 985
273 443
400 794
531 129
285 998
161 532
147 263
540 706
752 59
555 466
508 910
730 518
648 296
368 638
167 49
87 480
17 139
698 740
678 471
242 120
392 338
545 703
844 17
395 663
451 922
938 322
491 317
329 765
227 876
834 0
504 543
132 254
649 746
519 262
945 651
491 728
790 894
392 684
438 868
214 47
602 684
553 71
325 200
949 426
430 619
944 578
852 193
288 955
97 872
578 912
219 782
589 747
919 235
423 44
414 936
134 180
437 376
657 601
0 934
208 540
399 287
985 74
363 201
685 465
914 820
778 332
1 9
994 623
626 240
188 86
591 270
737 500
61 646
338 304
532 431
472 733
686 879
5 857
750 463
129 14
291 511
159 128
821 402
449 694
936 102
304 84
38 309
289 568
218 383
820 76
730 460
791 979
252 12
723 639
445 33
878 491
293 104
57 949
999 500
609 110
976 787
987 812
622 957
804 832
827 554
856 12
426 484
196 679
929 541
621 28
439 129
938 367
160 143
943 178
110 460
348 448
51 113
822 552
693 47
516 555
681 208
796 481
939 663
935 513
956 938
546 208
517 662
231 4
771 645
819 633
523 908
521 99
104 672
919 318
395 338
336 427
747 167
826 355
917 85
704 120
517 219
946 26
182 241
428 880
646 472
52 704
862 627
664 345
488 366
760 862
665 982
391 718
866 569
264 706
730 999
879 190
366 641
333 371
731 401
648 60
946 803
75 448
774 98
65 352
195 645
424 442
695 131
795 53
285 94
424 413
303 348
124 833
732 611
820 635
19 302
461 264
775 355
454 497
699 496
924 105
624 37
286 48
164 562
107 480
893 500
57 22
591 5
479 210
418 778
581 642
391 873
650 332
340 394
286 147
334 621
426 12
279 612
860 642
849 978
335 862
754 325
907 115
32 0
504 905
934 101
929 792
215 897
215 920
258 495
35 734
399 505
737 833
146 220
953 990
245 316
703 185
571 184
389 781
626 599
208 622
664 620
936 380
650 390
140 339
552 546
998 561
405 109
706 144
774 556
205 757
873 135
651 87
152 238
681 308
862 922
277 880
401 151
579 48
345 992
321 790
119 980
533 437
121 16
397 712
662 93
392 950
581 459
603 25
251 190
94 255
556 320
920 856
577 591
896 330
507 344
406 521
567 540
602 674
571 810
91 122
712 614
818 243
168 472
664 879
25 56
4 920
243 73
490 847
263 379
993 571
369 941
724 740
71 514
531 784
338 700
514 614
932 983
155 346
994 287
152 345
741 932
619 565
20 621
89 730
940 499
572 850
650 511
585 935
752 503
946 319
30 125
148 244
507 72
139 940
444 479
604 6
605 923
515 263
470 333
39 44
263 248
707 681
399 711
750 17
137 186
301 798
976 917
616 492
261 834
642 441
926 17
4 336
929 980
797 982
970 272
339 676
225 232
997 918
615 820
964 483
859 251
422 247
600 837
829 653
193 532
296 537
103 795
321 621
970 832
239 34
687 430
740 633
529 606
178 314
627 887
881 949
493 467
196 656
45 340
77 680
407 974
638 883
432 175
969 806
88 517
842 626
46 959
140 276
752 599
281 661
19 46
679 687
256 913
343 522
480 810
703 878
953 281
498 873
625 677
582 955
586 621
815 543
727 708
490 85
110 453
708 487
166 435
212 553
235 445
183 612
400 327
427 668
213 348
309 937
953 747
239 483
873 576
588 2
201 220
350 428
458 255
922 56
933 349
786 522
927 767
868 896
22 596
721 829
51 920
336 172
408 995
3 160
532 820
267 257
732 200
336 25
829 638
987 903
975 477
688 924
4 824
150 612
353 552
273 24
668 283
674 250
543 260
620 408
788 875
482 996
74 511
440 715
662 9
799 997
741 506
654 973
241 943
77 969
426 60
219 268
671 503
786 506
934 7
585 4
272 37
3 717
768 713
942 691
734 624
87 346
167 980
403 774
359 693
65 679
529 375
911 466
845 723
666 86
412 163
306 76
257 680
125 114
385 830
34 801
300 747
177 694
980 908
337 14
949 488
130 190
741 217
381 106
78 632
209 332
834 816
175 871
655 494
511 388
747 279
124 477
953 259
462 521
932 761
839 735
244 522
817 222
167 234
181 100
969 229
70 861
79 518
336 527
785 710
427 475
470 403
837 39
460 47
934 274
800 867
973 399
651 299
572 694
702 235
544 639
223 58
43 257
588 446
309 530
375 337
968 815
963 475
11 622
230 543
418 442
384 554
555 288
219 401
372 31
195 723
148 877
183 512
519 840
521 7
134 489
27 998
526 584
354 229
471 324
79 796
568 482
739 543
82 800
867 654
330 162
357 362
890 12
602 453
186 201
597 770
67 364
514 557
861 461
98 563
186 751
462 325
642 583
482 713
800 759
924 266
852 516
621 513
651 901
408 132
332 901
792 230
44 3
487 726
333 96
372 765
642 472
476 34
958 676
948 176
334 39
662 451
948 728
675 231
757 752
168 802
309 5
107 43
218 373
536 994
366 639
679 121
545 102
392 68
438 960
570 205
132 166
456 739
993 469
302 732
986 893
786 33
374 78
566 329
723 796
589 696
216 979
12 545
742 683
355 186
601 834
964 231
251 22
91 202
122 610
238 393
329 3
415 472
309 659
984 137
377 478
287 177
740 275
154 412
368 69
916 156
31 507
609 614
33 605
222 758
145 296
549 53
761 419
543 311
731 19
666 906
978 444
606 859
856 889
378 259
473 6
268 291
143 851
937 947
736 36
218 569
397 639
248 712
708 61
297 519
857 469
476 540
544 910
465 712
853 451
284 549
856 124
779 517
955 778
710 677
598 786
783 410
814 23
218 299
273 969
750 143
269 754
764 872
1 139
657 16
84 330
727 674
461 639
920 773
82 935
405 252
541 753
564 834
932 799
520 204
312 303
846 775
80 890
213 893
567 821
917 593
267 630
284 491
520 889
108 304
668 708
833 977
772 111
313 936
119 824
85 446
361 110
400 88
539 165
453 59
369 458
550 581
884 423
626 246
177 864
630 904
529 983
519 923
107 461
727 124
39 459
23 270
476 792
940 297
957 531
445 450
983 979
339 428
86 588
914 886
792 142
183 212
242 849
554 250
650 523
374 886
260 262
543 318
89 99
99 626
477 515
636 147
968 360
405 124
320 439
99 512
709 649
102 876
749 202
48 351
184 601
229 487
647 65
572 925
152 904
917 684
309 78
35 85
870 0
580 975
100 790
622 926
720 969
364 857
595 370
369 312
711 887
141 502
894 438
598 355
298 735
73 318
564 220
137 201
144 653
263 828
73 498
482 623
66 40
889 194
621 720
679 616
678 692
901 819
298 219
367 569
909 935
656 456
882 373
999 286
999 189
334 844
951 315
936 259
201 381
932 472
801 589
623 668
518 449
174 103
988 450
412 918
514 506
161 338
503 777
164 900
321 65
11 726
278 337
264 419
566 703
693 49
408 281
643 574
877 174
264 865
922 905
760 451
698 30
725 517
267 871
201 459
983 393
451 26
662 91
537 614
50 767
245 903
547 908
739 133
316 307
882 161
894 169
225 678
651 748
355 784
78 601
238 76
305 637
689 536
847 610
316 284
987 989
836 482
457 246
399 537
915 336
149 824
62 489
415 737
87 484
4 84
672 413
658 326
823 380
395 897
873 430
720 334
931 369
585 616
673 879
366 443
435 172
592 765
116 387
195 228
164 181
496 600
921 724
334 409
290 96
417 292
380 823
358 291
648 794
21 147
565 358
944 898
82 848
843 440
647 653
685 677
28 673
294 828
457 454
465 526
136 71
244 450
841 797
397 915
124 42
312 994
100 972
694 182
818 444
712 850
775 280
332 774
502 142
807 344
585 258
740 732
315 250
4 177
326 95
494 359
790 703
33 86
78 977
200 968
281 232
181 610
987 532
537 670
858 893
778 501
599 66
638 547
921 697
464 59
740 735
865 470
294 794
936 734
898 437
69 87
329 836
570 808
837 641
259 910
120 350
896 730
469 4
896 956
572 827
801 760
284 699
981 24
268 147
110 490
258 847
934 371
32 695
912 612
244 342
251 733
759 57
720 471
689 473
810 798
795 410
366 950
60 708
571 493
256 481
355 218
757 977
450 741
680 443
343 39
424 109
521 307
697 909
219 549
357 608
627 145
101 868
384 687
934 754
154 974
554 174
806 95
756 329
66 652
240 758
406 112
729 916
332 496
69 924
537 27
935 515
460 998
988 210
950 267
440 28
275 330
906 880
312 144
981 144
717 880
200 745
821 936
40 476
740 557
460 4
921 281
185 801
372 516
631 100
105 64
644 996
501 514
272 216
56 630
529 166
364 202
192 92
414 621
603 237
826 977
972 406
28 768
466 113
220 787
654 249
529 232
441 624
425 709
292 614
935 128
792 874
295 320
600 374
183 666
267 150
926 637
86 737
689 487
201 532
419 595
665 331
5 770
327 81
894 795
126 857
949 830
995 718
749 101
24 752
768 804
177 673
935 343
34 31
609 982
720 642
106 653
256 296
797 223
166 575
549 276
847 155
505 168
728 184
295 566
976 43
986 853
611 692
238 601
33 598
131 109
342 530
976 600
931 521
507 910
350 513
54 121
741 530
651 887
648 729
988 205
256 645
756 172
378 672
10 843
977 944
544 37
59 790
982 5
179 966
372 231
639 577
328 225
850 127
381 578
244 545
677 433
808 846
407 433
423 741
684 427
748 155
239 477
391 980
100 594
470 247
579 130
393 413
852 412
356 514
20 609
603 560
233 826
560 824
211 621
753 834
484 875
368 439
785 454
459 397
329 561
189 795
950 632
268 174
825 203
965 307
